X,Y
829,85
829,85
829,85
829,85
829,80
825,80
822,79
814,77
807,72
803,70
793,64
781,54
767,46
760,41
747,40
737,31
724,30
713,28
699,28
686,26
674,25
659,24
649,23
631,20
623,19
609,17
590,17
588,15
579,15
575,15
604,125
558,13
822,340
345,264
345,262
816,340
345,263
539,15
545,15
554,15
566,18
571,15
582,18
605,19
611,26
629,28
643,30
658,32
676,34
688,34
699,32
709,31
718,31
723,32
730,35
734,35
745,37
751,44
765,46
772,53
781,57
798,64
819,73
834,82
854,93
870,102
885,113
902,121
912,128
919,141
930,150
935,157
941,164
728,323
774,357
773,359
773,359
773,357
773,356
770,356
941,177
935,174
923,165
901,158
885,152
861,146
839,141
809,136
786,132
759,127
726,121
701,115
669,107
647,100
614,95
588,91
560,91
543,92
523,88
508,87
493,84
482,82
473,78
463,72
458,68
449,62
446,59
437,57
431,47
430,43
426,37
431,34
435,26
438,23
442,21
447,19
863,281
863,281
863,281
865,282
486,20
833,266
832,266
762,301
540,34
571,17
585,20
594,23
606,27
613,30
620,34
629,39
638,43
645,45
658,48
666,48
677,48
682,54
688,57
690,62
693,65
509,75
353,364
355,365
355,370
360,377
528,73
535,70
539,70
548,69
509,398
505,398
502,399
584,81
592,85
601,91
610,96
620,104
625,114
476,404
472,402
469,402
649,154
656,163
664,174
671,182
681,192
691,201
696,210
705,222
667,366
717,237
406,378
727,250
733,257
739,263
743,271
747,275
751,280
755,287
754,289
358,357
762,297
525,418
769,300
770,301
772,301
772,301
773,301
774,300
774,296
334,336
771,293
770,289
768,285
766,285
766,280
764,272
765,267
762,256
344,333
753,244
751,233
743,230
738,222
578,317
721,210
712,205
705,201
776,382
682,193
671,192
661,190
439,357
638,188
631,187
467,365
476,366
489,368
603,180
598,178
592,177
589,173
586,170
582,166
580,161
578,155
577,152
578,144
579,139
582,132
586,128
591,123
595,120
599,120
386,373
381,370
380,372
377,369
626,113
634,111
642,111
649,112
657,114
666,115
675,122
686,130
693,140
700,146
709,157
717,169
722,179
744,271
736,202
742,215
746,228
749,237
753,249
604,302
391,324
762,274
766,282
680,159
688,170
696,182
600,303
704,198
709,205
685,250
720,218
726,223
733,228
738,231
742,236
747,238
752,238
755,241
360,300
359,300
359,301
762,246
762,242
762,238
761,236
757,230
352,305
748,215
742,206
740,197
734,188
730,174
565,281
712,157
700,146
568,282
673,129
654,120
639,114
621,107
610,102
595,95
581,90
570,82
563,78
557,72
557,67
559,63
563,60
569,59
581,60
591,64
604,68
618,77
634,89
646,101
658,113
671,124
684,136
694,145
704,153
716,165
723,174
730,184
738,192
743,205
752,217
757,227
765,237
767,247
772,253
779,260
360,314
788,264
791,268
796,267
567,283
343,316
791,266
790,265
796,253
354,306
799,242
788,233
781,226
769,221
755,210
744,206
728,199
716,186
593,293
692,176
681,170
669,165
662,158
654,150
646,142
642,137
640,131
642,128
644,125
649,127
656,127
664,127
671,129
681,131
688,132
693,133
701,133
708,136
716,141
720,145
726,149
734,153
737,157
742,159
744,161
747,160
748,160
748,159
748,155
746,151
744,148
740,142
733,137
571,297
714,129
704,128
693,124
685,120
675,116
667,112
659,109
651,108
643,99
638,93
632,89
626,87
621,83
618,78
616,75
615,72
614,70
615,68
617,69
619,69
623,71
629,74
636,77
642,80
648,82
653,86
657,90
661,92
665,95
670,97
677,98
682,101
688,106
695,113
699,118
702,125
705,132
708,139
385,365
712,149
714,152
717,154
721,153
725,150
727,148
730,142
732,135
730,133
725,126
719,122
709,118
700,111
693,107
682,102
676,98
668,94
659,89
650,83
644,77
639,73
629,69
620,66
613,65
602,66
591,63
706,279
610,332
548,56
535,55
524,54
515,54
505,51
499,47
494,45
489,43
419,364
488,38
492,35
500,34
506,34
515,35
526,37
539,42
552,47
565,54
577,61
591,71
604,80
617,92
631,104
643,115
657,130
430,362
427,359
696,172
708,187
717,201
727,215
733,227
737,238
740,244
743,252
596,309
589,304
748,262
752,264
357,331
755,265
348,325
759,264
756,261
756,257
754,251
753,248
754,241
751,236
559,287
742,219
738,202
731,196
722,184
714,177
706,172
633,309
559,393
670,154
660,150
649,146
637,143
626,138
613,133
604,130
595,128
588,121
581,121
575,113
570,106
569,103
568,96
568,93
573,89
577,87
582,87
587,86
592,89
600,90
606,92
617,94
451,358
630,99
639,102
643,106
649,110
657,118
661,124
670,135
676,145
398,348
690,172
695,183
624,315
618,314
357,339
561,302
355,331
637,120
634,119
378,388
625,118
394,392
617,118
710,325
611,121
732,333
439,410
603,126
462,417
773,339
484,421
697,394
358,401
588,133
588,134
391,416
548,440
394,429
577,131
573,129
572,128
569,126
571,124
573,121
575,119
578,116
582,116
587,115
592,114
599,112
547,439
392,416
391,418
385,413
383,411
378,408
637,115
543,435
648,118
652,119
659,122
665,124
670,127
677,130
683,131
687,133
691,135
695,136
698,136
700,136
702,135
703,135
705,136
705,136
634,468
704,135
705,135
706,136
707,136
454,398
712,138
713,139
716,141
719,144
722,148
726,150
729,154
733,159
735,160
737,162
737,161
738,160
738,160
738,158
738,159
738,159
739,159
741,159
742,159
742,159
741,159
738,161
736,161
732,162
731,162
728,163
725,165
724,165
721,163
719,162
716,159
714,157
711,154
708,150
706,149
705,148
705,146
704,146
703,145
703,145
703,146
703,148
705,150
706,153
707,156
708,157
709,158
711,158
711,159
712,160
712,159
714,158
714,156
713,156
715,156
716,153
718,151
719,149
719,149
719,146
720,145
721,143
722,143
722,141
721,139
720,137
719,135
716,132
712,129
709,127
706,124
702,121
699,120
698,118
695,118
694,117
694,118
694,118
695,120
695,119
695,119
624,380
623,380
694,115
693,114
692,111
692,111
691,112
693,114
694,117
694,122
695,126
697,131
699,133
702,137
705,140
707,143
710,144
711,144
711,143
708,141
705,140
701,137
695,134
692,131
689,129
684,127
681,125
675,124
673,123
669,119
666,119
595,59
595,59
594,58
597,57
599,57
600,56
603,56
604,57
605,59
607,61
608,63
609,66
545,422
612,72
613,71
614,74
618,75
621,79
625,80
627,81
630,84
634,88
639,92
644,97
648,100
652,104
655,106
575,333
662,110
665,112
668,113
670,114
673,115
674,116
675,116
676,115
675,116
675,115
674,114
673,114
671,113
669,110
668,111
534,412
664,107
662,107
660,103
658,101
656,101
654,98
651,95
647,94
644,93
643,90
640,88
638,86
635,85
633,82
630,81
627,79
624,76
620,73
619,72
618,70
616,69
614,68
612,66
610,63
608,63
607,61
607,60
605,59
606,58
607,55
608,54
609,50
612,48
614,46
586,338
616,50
623,53
626,56
632,61
636,67
642,74
648,84
653,93
660,105
380,350
674,126
681,138
689,149
696,161
703,172
707,182
711,195
713,204
581,330
717,221
718,228
719,236
721,244
725,248
729,252
380,363
380,363
735,257
532,421
738,249
733,243
728,233
724,226
718,220
714,217
682,87
682,87
721,87
740,89
757,89
776,97
793,97
811,96
828,97
838,98
845,97
848,96
846,94
844,90
840,84
836,82
832,80
830,78
825,80
820,76
812,75
806,72
800,69
792,65
784,60
772,49
764,43
754,41
742,39
727,30
717,30
703,28
